10.00 +0.005800000
10.02 +0.007300000
10.03 +0.008100000
10.04 +0.008800000
10.05 +0.009600000
10.06 +0.010400000
10.07 +0.011200000
10.08 +0.012000000
10.09 +0.012800000
10.10 +0.013600000
10.12 +0.016500000
10.13 +0.001800000
10.14 +0.019500000
10.15 +0.021000000
10.16 +0.022600000
10.17 +0.024100000
10.18 +0.025600000
10.19 +0.027200000
10.20 +0.028800000
10.21 +0.033400000
10.22 +0.038100000
10.23 +0.042800000
10.24 +0.047600000
10.25 +0.052400000
10.26 +0.057200000
10.27 +0.062100000
10.28 +0.067000000
10.29 +0.071900000
10.30 +0.076900000
10.31 +0.101100000
10.33 +0.150200000
10.34 +0.175100000
10.35 +0.200200000
10.36 +0.225600000
10.37 +0.251100000
10.38 +0.276900000
10.39 +0.302900000
10.40 +0.329200000
10.41 +0.363300000
10.42 +0.397400000
10.43 +0.431700000
10.44 +0.466100000
10.45 +0.500500000
10.46 +0.535000000
10.47 +0.569600000
10.48 +0.604300000
10.49 +0.639100000
10.50 +0.673900000
10.51 +0.683900000
10.52 +0.694000000
10.53 +0.704200000
10.54 +0.714500000
10.59 +0.767100000
10.64 +0.783300000
10.70 +0.790800000
10.75 +0.815800000
10.80 +0.841300000
10.85 +0.874300000
10.90 +0.908100000
10.95 +0.941200000
11.00 +0.975100000
11.05 +0.979300000
11.10 +0.983400000
11.15 +0.969300000
11.20 +0.955200000
11.25 +0.968800000
11.29 +0.979800000
11.34 +0.984900000
11.39 +0.989600000
11.44 +0.992900000
11.49 +0.998900000
11.54 +0.968200000
11.59 +0.929000000
11.63 +0.930200000
11.68 +0.945000000
11.73 +0.958900000
11.78 +0.972100000
11.82 +0.978200000
11.87 +0.980600000
11.92 +0.981300000
11.96 +0.979700000
12.01 +0.976900000
12.02 +0.975900000
12.03 +0.974900000
12.04 +0.973900000
12.05 +0.972900000
12.06 +0.971900000
12.07 +0.970800000
12.08 +0.969800000
12.09 +0.968800000
12.10 +0.967700000
12.11 +0.966500000
12.12 +0.965300000
12.13 +0.964000000
12.14 +0.962700000
12.15 +0.961500000
12.16 +0.960200000
12.17 +0.958900000
12.18 +0.957700000
12.19 +0.956400000
12.20 +0.955100000
12.21 +0.948100000
12.22 +0.941200000
12.23 +0.934300000
12.24 +0.927400000
12.25 +0.920500000
12.26 +0.913600000
12.27 +0.906700000
12.28 +0.899900000
12.29 +0.893000000
12.30 +0.886100000
12.31 +0.856800000
12.32 +0.827500000
12.33 +0.798200000
12.34 +0.769000000
12.35 +0.739800000
12.36 +0.713600000
12.37 +0.681400000
12.38 +0.652300000
12.39 +0.623200000
12.40 +0.594000000
12.41 +0.561400000
12.42 +0.528600000
12.43 +0.495700000
12.44 +0.462700000
12.45 +0.429600000
12.46 +0.396400000
12.47 +0.363100000
12.48 +0.329700000
12.49 +0.296200000
12.50 +0.262700000
12.51 +0.240300000
12.52 +0.218100000
12.53 +0.196000000
12.54 +0.174100000
12.55 +0.152300000
12.56 +0.130700000
12.57 +0.109200000
12.58 +0.087900000
12.59 +0.066700000
12.60 +0.045800000
12.61 +0.043300000
12.62 +0.040900000
12.63 +0.038500000
12.64 +0.036100000
12.65 +0.033700000
12.66 +0.031400000
12.67 +0.029100000
12.68 +0.026800000
12.69 +0.024500000
12.70 +0.022300000
12.71 +0.020900000
12.72 +0.019500000
12.73 +0.018200000
12.74 +0.016800000
12.75 +0.015500000
12.76 +0.014100000
12.77 +0.012800000
12.78 +0.011500000
12.79 +0.010100000
12.80 +0.008800000
12.81 +0.008500000
12.82 +0.008100000
12.83 +0.007800000
12.84 +0.007400000
12.85 +0.007100000
12.86 +0.006800000
12.87 +0.006400000
12.88 +0.006100000
12.89 +0.005800000
12.90 +0.005400000
