10.10 +0.030000000
10.12 +0.044000000
10.13 +0.037000000
10.14 +0.065000000
10.15 +0.053000000
10.16 +0.052000000
10.17 +0.049000000
10.18 +0.068000000
10.19 +0.084000000
10.20 +0.109000000
10.21 +0.124000000
10.22 +0.134000000
10.23 +0.173000000
10.24 +0.175000000
10.25 +0.217000000
10.26 +0.256000000
10.27 +0.286000000
10.28 +0.344000000
10.29 +0.384000000
10.30 +0.443000000
10.31 +0.492000000
10.33 +0.544000000
10.34 +0.614000000
10.35 +0.680000000
10.36 +0.725000000
10.37 +0.794000000
10.38 +0.823000000
10.39 +0.862000000
10.40 +0.890000000
10.41 +0.907000000
10.42 +0.930000000
10.43 +0.960000000
10.44 +0.965000000
10.45 +0.971000000
10.46 +0.969000000
10.47 +0.980000000
10.48 +0.979000000
10.49 +1.000000000
10.50 +0.981000000
10.51 +0.969000000
10.52 +0.988000000
10.53 +0.974000000
10.54 +0.952000000
10.59 +0.957000000
10.64 +0.957000000
10.70 +0.948000000
10.75 +0.948000000
10.80 +0.923000000
10.85 +0.915000000
10.90 +0.893000000
10.95 +0.897000000
11.00 +0.886000000
11.05 +0.883000000
11.10 +0.882000000
11.15 +0.880000000
11.20 +0.875000000
11.25 +0.856000000
11.29 +0.857000000
11.34 +0.830000000
11.39 +0.833000000
11.44 +0.800000000
11.49 +0.797000000
11.54 +0.789000000
11.59 +0.744000000
11.63 +0.719000000
11.68 +0.711000000
11.73 +0.699000000
11.78 +0.666000000
11.82 +0.666000000
11.87 +0.628000000
11.92 +0.626000000
11.96 +0.592000000
12.01 +0.586000000
12.02 +0.597000000
12.03 +0.613000000
12.04 +0.601000000
12.05 +0.544000000
12.06 +0.551000000
12.07 +0.578000000
12.08 +0.567000000
12.09 +0.546000000
12.10 +0.558000000
12.11 +0.544000000
12.12 +0.511000000
12.13 +0.565000000
12.14 +0.519000000
12.15 +0.546000000
12.16 +0.567000000
12.17 +0.545000000
12.18 +0.530000000
12.19 +0.530000000
12.20 +0.542000000
12.21 +0.532000000
12.22 +0.532000000
12.23 +0.533000000
12.24 +0.561000000
12.25 +0.518000000
12.26 +0.532000000
12.27 +0.533000000
12.28 +0.524000000
12.29 +0.550000000
12.30 +0.567000000
12.31 +0.531000000
12.32 +0.553000000
12.33 +0.527000000
12.34 +0.537000000
12.35 +0.530000000
12.36 +0.507000000
12.37 +0.488000000
12.38 +0.485000000
12.39 +0.447000000
12.40 +0.447000000
12.41 +0.425000000
12.42 +0.416000000
12.43 +0.405000000
12.44 +0.388000000
12.45 +0.358000000
12.46 +0.360000000
12.47 +0.275000000
12.48 +0.272000000
12.49 +0.290000000
12.50 +0.196000000
12.51 +0.205000000
12.52 +0.208000000
12.53 +0.172000000
